224.020000000000	-217.510000000000
222.480000000000	-217.440000000000
221.140000000000	-217.390000000000
220.000000000000	-217.360000000000
219.850000000000	-216.490000000000
218.770000000000	-216.460000000000
217.890000000000	-216.450000000000
216.120000000000	-215.560000000000
215.050000000000	-214.660000000000
213.700000000000	-213.790000000000
212.730000000000	-212.890000000000
211.800000000000	-212.040000000000
211.780000000000	-211.990000000000
210.930000000000	-211.140000000000
210.850000000000	-211.090000000000
210.080000000000	-210.240000000000
209.940000000000	-210.190000000000
209.250000000000	-209.340000000000
209.050000000000	-209.290000000000
208.900000000000	-208.510000000000
208.440000000000	-208.440000000000
208.180000000000	-208.390000000000
208.120000000000	-208.360000000000
207.650000000000	-207.540000000000
207.330000000000	-207.490000000000
207.210000000000	-207.460000000000
206.880000000000	-206.640000000000
206.500000000000	-206.590000000000
206.320000000000	-206.560000000000
206.130000000000	-205.740000000000
205.930000000000	-205.690000000000
205.690000000000	-205.690000000000
205.450000000000	-205.660000000000
205.410000000000	-205.650000000000
205.400000000000	-204.840000000000
205.400000000000	-204.840000000000
204.900000000000	-204.790000000000
204.900000000000	-204.790000000000
204.600000000000	-204.760000000000
204.600000000000	-204.760000000000
204.500000000000	-204.750000000000
204.330000000000	-203.940000000000
203.890000000000	-203.890000000000
203.650000000000	-203.860000000000
203.610000000000	-203.850000000000
203.280000000000	-203.040000000000
202.900000000000	-202.990000000000
202.720000000000	-202.960000000000
202.250000000000	-202.140000000000
201.930000000000	-202.090000000000
201.810000000000	-202.060000000000
201.700000000000	-201.310000000000
201.240000000000	-201.240000000000
200.980000000000	-201.190000000000
200.920000000000	-201.160000000000
200.650000000000	-200.410000000000
200.250000000000	-200.340000000000
200.050000000000	-200.290000000000
200.050000000000	-200.260000000000
199.620000000000	-199.510000000000
199.280000000000	-199.440000000000
199.140000000000	-199.390000000000
199.090000000000	-198.700000000000
198.610000000000	-198.610000000000
198.330000000000	-198.540000000000
198.250000000000	-198.490000000000
198.040000000000	-197.800000000000
197.620000000000	-197.710000000000
197.400000000000	-197.640000000000
197.380000000000	-197.590000000000
197.010000000000	-196.900000000000
196.650000000000	-196.810000000000
196.490000000000	-196.740000000000
196	-196
195.700000000000	-195.910000000000
195.600000000000	-195.840000000000
195.450000000000	-195.210000000000
195.010000000000	-195.100000000000
194.770000000000	-195.010000000000
194.730000000000	-194.940000000000
194.420000000000	-194.310000000000
194.040000000000	-194.200000000000
193.860000000000	-194.110000000000
193.410000000000	-193.410000000000
193.090000000000	-193.300000000000
192.970000000000	-193.210000000000
192.880000000000	-192.640000000000
192.420000000000	-192.510000000000
192.160000000000	-192.400000000000
192.100000000000	-192.310000000000
191.850000000000	-191.740000000000
191.450000000000	-191.610000000000
191.250000000000	-191.500000000000
191.250000000000	-191.410000000000
190.840000000000	-190.840000000000
190.500000000000	-190.710000000000
190.360000000000	-190.600000000000
190.330000000000	-190.090000000000
189.850000000000	-189.940000000000
189.570000000000	-189.810000000000
189.490000000000	-189.700000000000
189.300000000000	-189.190000000000
188.880000000000	-189.040000000000
188.660000000000	-188.910000000000
188.640000000000	-188.800000000000
188.290000000000	-188.290000000000
187.930000000000	-188.140000000000
187.770000000000	-188.010000000000
187.300000000000	-187.390000000000
187	-187.240000000000
186.900000000000	-187.110000000000
186.770000000000	-186.660000000000
186.330000000000	-186.490000000000
186.090000000000	-186.340000000000
186.050000000000	-186.210000000000
185.760000000000	-185.760000000000
185.380000000000	-185.590000000000
185.200000000000	-185.440000000000
184.770000000000	-184.860000000000
184.450000000000	-184.690000000000
184.330000000000	-184.540000000000
184.260000000000	-184.150000000000
183.800000000000	-183.960000000000
183.540000000000	-183.790000000000
183.480000000000	-183.640000000000
183.250000000000	-183.250000000000
182.850000000000	-183.060000000000
182.650000000000	-182.890000000000
182.260000000000	-182.350000000000
181.920000000000	-182.160000000000
181.780000000000	-181.990000000000
181.770000000000	-181.660000000000
181.290000000000	-181.450000000000
181.010000000000	-181.260000000000
180.930000000000	-181.090000000000
180.760000000000	-180.760000000000
180.340000000000	-180.550000000000
180.120000000000	-180.360000000000
180.100000000000	-180.190000000000
179.770000000000	-179.860000000000
179.410000000000	-179.650000000000
179.250000000000	-179.460000000000
178.800000000000	-178.960000000000
178.500000000000	-178.750000000000
178.400000000000	-178.560000000000
178.290000000000	-178.290000000000
177.850000000000	-178.060000000000
177.610000000000	-177.850000000000
177.570000000000	-177.660000000000
177.300000000000	-177.390000000000
176.920000000000	-177.160000000000
176.740000000000	-176.950000000000
176.330000000000	-176.490000000000
176.010000000000	-176.260000000000
175.890000000000	-176.050000000000
175.840000000000	-175.840000000000
175.380000000000	-175.590000000000
175.120000000000	-175.360000000000
175.060000000000	-175.150000000000
174.850000000000	-174.940000000000
174.450000000000	-174.690000000000
174.250000000000	-174.460000000000
173.880000000000	-174.040000000000
173.540000000000	-173.790000000000
173.400000000000	-173.560000000000
172.930000000000	-173.140000000000
172.650000000000	-172.890000000000
172.570000000000	-172.660000000000
172.420000000000	-172.510000000000
172.000000000000	-172.240000000000
171.780000000000	-171.990000000000
171.760000000000	-171.760000000000
171.450000000000	-171.610000000000
171.090000000000	-171.340000000000
170.930000000000	-171.090000000000
170.500000000000	-170.710000000000
170.200000000000	-170.440000000000
170.100000000000	-170.190000000000
170.010000000000	-170.100000000000
169.570000000000	-169.810000000000
169.330000000000	-169.540000000000
169.290000000000	-169.290000000000
169.040000000000	-169.200000000000
168.660000000000	-168.910000000000
168.480000000000	-168.640000000000
168.090000000000	-168.300000000000
167.770000000000	-168.010000000000
167.650000000000	-167.740000000000
167.620000000000	-167.710000000000
167.160000000000	-167.400000000000
166.900000000000	-167.110000000000
166.840000000000	-166.840000000000
166.650000000000	-166.810000000000
166.250000000000	-166.500000000000
166.240000000000	-166.240000000000
166.050000000000	-166.210000000000
166.050000000000	-165.940000000000
165.700000000000	-165.910000000000
165.360000000000	-165.600000000000
165.250000000000	-165.340000000000
165.220000000000	-165.310000000000
164.770000000000	-165.010000000000
164.490000000000	-164.700000000000
164.280000000000	-164.440000000000
163.860000000000	-164.110000000000
163.640000000000	-163.800000000000
163.330000000000	-163.540000000000
162.970000000000	-163.210000000000
162.900000000000	-162.990000000000
162.810000000000	-162.900000000000
162.400000000000	-162.640000000000
162.100000000000	-162.310000000000
161.930000000000	-162.090000000000
161.490000000000	-161.740000000000
161.250000000000	-161.410000000000
160.980000000000	-161.190000000000
160.600000000000	-160.840000000000
160.570000000000	-160.660000000000
160.420000000000	-160.510000000000
160.050000000000	-160.290000000000
159.730000000000	-159.940000000000
159.600000000000	-159.760000000000
159.140000000000	-159.390000000000
158.880000000000	-159.040000000000
158.650000000000	-158.860000000000
158.250000000000	-158.490000000000
158.050000000000	-158.140000000000
157.720000000000	-157.960000000000
157.380000000000	-157.590000000000
157.290000000000	-157.450000000000
157.240000000000	-157.240000000000
156.810000000000	-157.060000000000
156.530000000000	-156.690000000000
156.340000000000	-156.550000000000
155.920000000000	-156.160000000000
155.700000000000	-155.790000000000
155.410000000000	-155.650000000000
155.050000000000	-155.260000000000
155	-155.160000000000
154.890000000000	-154.890000000000
154.500000000000	-154.750000000000
154.200000000000	-154.360000000000
154.050000000000	-154.260000000000
153.610000000000	-153.850000000000
153.370000000000	-153.460000000000
153.120000000000	-153.360000000000
152.740000000000	-152.950000000000
152.730000000000	-152.890000000000
152.560000000000	-152.560000000000
152.210000000000	-152.460000000000
151.890000000000	-152.050000000000
151.780000000000	-151.990000000000
151.770000000000	-151.660000000000
151.320000000000	-151.560000000000
151.060000000000	-151.150000000000
150.850000000000	-151.090000000000
150.450000000000	-150.660000000000
150.250000000000	-150.250000000000
150.210000000000	-150.210000000000
149.940000000000	-150.190000000000
149.600000000000	-149.760000000000
149.530000000000	-149.740000000000
149.460000000000	-149.350000000000
149.220000000000	-149.310000000000
149.050000000000	-149.290000000000
149.010000000000	-148.900000000000
148.770000000000	-148.860000000000
148.600000000000	-148.840000000000
148.250000000000	-148.410000000000
148.180000000000	-148.390000000000
148	-148
147.960000000000	-147.960000000000
147.690000000000	-147.940000000000
147.300000000000	-147.510000000000
147.010000000000	-147.100000000000
146.800000000000	-147.040000000000
146.370000000000	-146.610000000000
146.040000000000	-146.200000000000
145.930000000000	-146.140000000000
145.810000000000	-145.810000000000
145.460000000000	-145.710000000000
145.090000000000	-145.300000000000
145.080000000000	-145.240000000000
144.820000000000	-144.910000000000
144.570000000000	-144.810000000000
144.160000000000	-144.400000000000
143.850000000000	-144.010000000000
143.700000000000	-143.910000000000
143.640000000000	-143.640000000000
143.250000000000	-143.500000000000
142.900000000000	-143.110000000000
142.850000000000	-143.010000000000
142.650000000000	-142.740000000000
142.360000000000	-142.600000000000
141.970000000000	-142.210000000000
141.680000000000	-141.840000000000
141.490000000000	-141.700000000000
141.490000000000	-141.490000000000
141.060000000000	-141.310000000000
140.730000000000	-140.940000000000
140.640000000000	-140.800000000000
140.500000000000	-140.590000000000
140.170000000000	-140.410000000000
139.800000000000	-140.040000000000
139.530000000000	-139.690000000000
139.300000000000	-139.510000000000
138.890000000000	-139.140000000000
138.580000000000	-138.790000000000
138.450000000000	-138.610000000000
138.370000000000	-138.460000000000
138.000000000000	-138.240000000000
137.650000000000	-137.890000000000
137.620000000000	-137.710000000000
137.400000000000	-137.560000000000
137.130000000000	-137.340000000000
136.740000000000	-136.990000000000
136.450000000000	-136.660000000000
136.280000000000	-136.440000000000
136.260000000000	-136.350000000000
135.850000000000	-136.090000000000
135.520000000000	-135.760000000000
135.450000000000	-135.540000000000
135.290000000000	-135.450000000000
134.980000000000	-135.190000000000
134.610000000000	-134.860000000000
134.340000000000	-134.550000000000
134.130000000000	-134.290000000000
134.100000000000	-133.990000000000
133.720000000000	-133.960000000000
133.410000000000	-133.650000000000
133.300000000000	-133.390000000000
133.200000000000	-133.360000000000
133.090000000000	-133.090000000000
132.850000000000	-133.060000000000
132.500000000000	-132.750000000000
132.490000000000	-132.490000000000
132.250000000000	-132.460000000000
132.100000000000	-132.190000000000
132	-132.160000000000
131.610000000000	-131.850000000000
131.320000000000	-131.560000000000
131.130000000000	-131.290000000000
131.040000000000	-131.040000000000
130.740000000000	-130.950000000000
130.410000000000	-130.660000000000
130.180000000000	-130.390000000000
130.050000000000	-130.140000000000
129.890000000000	-130.050000000000
129.520000000000	-129.760000000000
129.250000000000	-129.490000000000
129.080000000000	-129.240000000000
129.060000000000	-129.150000000000
129.010000000000	-129.010000000000
128.650000000000	-128.860000000000
128.340000000000	-128.590000000000
128.130000000000	-128.340000000000
128.020000000000	-128.110000000000
127.800000000000	-127.960000000000
127.450000000000	-127.690000000000
127.200000000000	-127.440000000000
127.050000000000	-127.210000000000
126.970000000000	-127.060000000000
126.580000000000	-126.790000000000
126.290000000000	-126.540000000000
126.100000000000	-126.310000000000
126.010000000000	-126.100000000000
125.730000000000	-125.890000000000
125.400000000000	-125.640000000000
125.170000000000	-125.410000000000
125.040000000000	-125.200000000000
125.010000000000	-125.010000000000
124.900000000000	-124.990000000000
124.530000000000	-124.740000000000
124.260000000000	-124.510000000000
124.090000000000	-124.300000000000
124.020000000000	-124.110000000000
123.680000000000	-123.840000000000
123.370000000000	-123.610000000000
123.160000000000	-123.400000000000
123.050000000000	-123.210000000000
123.040000000000	-123.040000000000
122.850000000000	-122.940000000000
122.500000000000	-122.710000000000
122.250000000000	-122.500000000000
122.100000000000	-122.310000000000
122.050000000000	-122.140000000000
122.040000000000	-122.040000000000
121.650000000000	-121.810000000000
121.360000000000	-121.600000000000
121.170000000000	-121.410000000000
121.080000000000	-121.240000000000
120.820000000000	-120.910000000000
120.490000000000	-120.700000000000
120.260000000000	-120.510000000000
120.130000000000	-120.340000000000
120.100000000000	-120.190000000000
120.010000000000	-120.010000000000
119.640000000000	-119.800000000000
119.370000000000	-119.610000000000
119.200000000000	-119.440000000000
119.130000000000	-119.290000000000
118.810000000000	-118.900000000000
118.500000000000	-118.710000000000
118.290000000000	-118.540000000000
118.180000000000	-118.390000000000
118.170000000000	-118.260000000000
118	-118
117.650000000000	-117.810000000000
117.400000000000	-117.640000000000
117.250000000000	-117.490000000000
117.200000000000	-117.360000000000
116.820000000000	-116.910000000000
116.530000000000	-116.740000000000
116.340000000000	-116.590000000000
116.250000000000	-116.460000000000
116.010000000000	-116.010000000000
115.680000000000	-115.840000000000
115.450000000000	-115.690000000000
115.320000000000	-115.560000000000
115.290000000000	-115.450000000000
115.220000000000	-115.110000000000
114.850000000000	-114.940000000000
114.580000000000	-114.790000000000
114.410000000000	-114.660000000000
114.340000000000	-114.550000000000
114.040000000000	-114.040000000000
113.730000000000	-113.890000000000
113.520000000000	-113.760000000000
113.410000000000	-113.650000000000
113.400000000000	-113.560000000000
113.250000000000	-113.140000000000
112.900000000000	-112.990000000000
112.650000000000	-112.860000000000
112.500000000000	-112.750000000000
112.450000000000	-112.660000000000
112.090000000000	-112.090000000000
111.800000000000	-111.960000000000
111.610000000000	-111.850000000000
111.520000000000	-111.760000000000
111.300000000000	-111.190000000000
110.970000000000	-111.060000000000
110.740000000000	-110.950000000000
110.610000000000	-110.860000000000
110.580000000000	-110.790000000000
110.530000000000	-110.290000000000
110.160000000000	-110.160000000000
109.890000000000	-110.050000000000
109.720000000000	-109.960000000000
109.650000000000	-109.890000000000
109.370000000000	-109.260000000000
109.060000000000	-109.150000000000
108.850000000000	-109.060000000000
108.740000000000	-108.990000000000
108.730000000000	-108.940000000000
108.600000000000	-108.360000000000
108.250000000000	-108.250000000000
108.000000000000	-108.160000000000
107.850000000000	-108.090000000000
107.800000000000	-108.040000000000
107.460000000000	-107.350000000000
107.170000000000	-107.260000000000
106.980000000000	-107.190000000000
106.890000000000	-107.140000000000
106.690000000000	-106.450000000000
106.360000000000	-106.360000000000
106.130000000000	-106.290000000000
106.000000000000	-106.240000000000
105.970000000000	-106.210000000000
105.940000000000	-105.550000000000
105.570000000000	-105.460000000000
105.300000000000	-105.390000000000
105.130000000000	-105.340000000000
105.060000000000	-105.310000000000
104.800000000000	-104.560000000000
104.490000000000	-104.490000000000
104.280000000000	-104.440000000000
104.250000000000	-104.410000000000
104.170000000000	-104.410000000000
104.160000000000	-104.400000000000
104.050000000000	-103.660000000000
104.050000000000	-103.660000000000
103.700000000000	-103.590000000000
103.700000000000	-103.590000000000
103.450000000000	-103.540000000000
103.300000000000	-103.510000000000
103.300000000000	-103.510000000000
103.250000000000	-103.500000000000
103.000000000000	-102.760000000000
102.690000000000	-102.690000000000
102.480000000000	-102.640000000000
102.450000000000	-102.610000000000
102.370000000000	-102.610000000000
102.360000000000	-102.600000000000
102.340000000000	-101.950000000000
101.970000000000	-101.860000000000
101.700000000000	-101.790000000000
101.530000000000	-101.740000000000
101.460000000000	-101.710000000000
101.290000000000	-101.050000000000
100.960000000000	-100.960000000000
100.730000000000	-100.890000000000
100.600000000000	-100.840000000000
100.570000000000	-100.810000000000
100.260000000000	-100.150000000000
99.9700000000000	-100.060000000000
99.7800000000000	-99.9900000000000
99.6900000000000	-99.9400000000000
99.6000000000000	-99.3600000000000
99.2500000000000	-99.2500000000000
99	-99.1600000000000
98.8500000000000	-99.0900000000000
98.8000000000000	-99.0400000000000
98.5700000000000	-98.4600000000000
98.2600000000000	-98.3500000000000
98.0500000000000	-98.2600000000000
97.9400000000000	-98.1900000000000
97.9300000000000	-98.1400000000000
97.9300000000000	-97.6900000000000
97.5600000000000	-97.5600000000000
97.2900000000000	-97.4500000000000
97.1200000000000	-97.3600000000000
97.0500000000000	-97.2900000000000
96.9000000000000	-96.7900000000000
96.5700000000000	-96.6600000000000
96.3400000000000	-96.5500000000000
96.2100000000000	-96.4600000000000
96.1800000000000	-96.3900000000000
95.8900000000000	-95.8900000000000
95.6000000000000	-95.7600000000000
95.4100000000000	-95.6500000000000
95.3200000000000	-95.5600000000000
95.2500000000000	-95.1400000000000
94.9000000000000	-94.9900000000000
94.6500000000000	-94.8600000000000
94.5000000000000	-94.7500000000000
94.4500000000000	-94.6600000000000
94.2400000000000	-94.2400000000000
93.9300000000000	-94.0900000000000
93.7200000000000	-93.9600000000000
93.6100000000000	-93.8500000000000
93.6000000000000	-93.7600000000000
93.2500000000000	-93.3400000000000
92.9800000000000	-93.1900000000000
92.8100000000000	-93.0600000000000
92.7400000000000	-92.9500000000000
92.6100000000000	-92.6100000000000
92.2800000000000	-92.4400000000000
92.0500000000000	-92.2900000000000
91.9200000000000	-92.1600000000000
91.8900000000000	-92.0500000000000
91.6200000000000	-91.7100000000000
91.3300000000000	-91.5400000000000
91.1400000000000	-91.3900000000000
91.0500000000000	-91.2600000000000
91	-91
90.6500000000000	-90.8100000000000
90.4000000000000	-90.6400000000000
90.2500000000000	-90.4900000000000
90.2000000000000	-90.3600000000000
90.0100000000000	-90.1000000000000
89.7000000000000	-89.9100000000000
89.4900000000000	-89.7400000000000
89.3800000000000	-89.5900000000000
89.3700000000000	-89.4600000000000
89.0400000000000	-89.2000000000000
88.7700000000000	-89.0100000000000
88.6000000000000	-88.8400000000000
88.5300000000000	-88.6900000000000
88.4200000000000	-88.5100000000000
88.0900000000000	-88.3000000000000
87.8600000000000	-88.1100000000000
87.7300000000000	-87.9400000000000
87.7000000000000	-87.7900000000000
87.4500000000000	-87.6100000000000
87.1600000000000	-87.4000000000000
86.9700000000000	-87.2100000000000
86.8800000000000	-87.0400000000000
86.8500000000000	-86.9400000000000
86.5000000000000	-86.7100000000000
86.2500000000000	-86.5000000000000
86.1000000000000	-86.3100000000000
86.0500000000000	-86.1400000000000
85.8800000000000	-86.0400000000000
85.5700000000000	-85.8100000000000
85.3600000000000	-85.6000000000000
85.2500000000000	-85.4100000000000
85.2400000000000	-85.2400000000000
84.9300000000000	-85.1400000000000
84.6600000000000	-84.9100000000000
84.4900000000000	-84.7000000000000
84.4200000000000	-84.5100000000000
84.3300000000000	-84.4900000000000
84.0000000000000	-84.2400000000000
83.7700000000000	-84.0100000000000
83.6400000000000	-83.8000000000000
83.6100000000000	-83.6100000000000
83.3800000000000	-83.5900000000000
83.0900000000000	-83.3400000000000
82.9000000000000	-83.1100000000000
82.8000000000000	-82.9600000000000
82.4500000000000	-82.6900000000000
82.2000000000000	-82.4400000000000
82.0500000000000	-82.2100000000000
81.8500000000000	-82.0600000000000
81.5400000000000	-81.7900000000000
81.3300000000000	-81.5400000000000
81.2900000000000	-81.4500000000000
81.2200000000000	-81.3100000000000
80.9200000000000	-81.1600000000000
80.6500000000000	-80.8900000000000
80.4800000000000	-80.6400000000000
80.3400000000000	-80.5500000000000
80.2900000000000	-80.2900000000000
80.0100000000000	-80.2600000000000
79.7800000000000	-79.9900000000000
79.6500000000000	-79.7400000000000
79.4100000000000	-79.6500000000000
79.3000000000000	-79.3900000000000
79.1200000000000	-79.3600000000000
78.9300000000000	-79.0900000000000
78.8500000000000	-79.0600000000000
78.8400000000000	-78.8400000000000
78.8400000000000	-78.8400000000000
78.5000000000000	-78.7500000000000
78.3300000000000	-78.4900000000000
78.2500000000000	-78.4600000000000
78.1000000000000	-78.1900000000000
77.9200000000000	-78.1600000000000
77.8500000000000	-77.9400000000000
77.6100000000000	-77.8500000000000
77.3800000000000	-77.5900000000000
77.2900000000000	-77.2900000000000
77.0100000000000	-77.2600000000000
76.8800000000000	-77.0400000000000
76.7400000000000	-76.9500000000000
76.4500000000000	-76.6900000000000
76.4200000000000	-76.5100000000000
76.1200000000000	-76.3600000000000
75.9300000000000	-76.1400000000000
75.8900000000000	-76.0500000000000
75.5400000000000	-75.7900000000000
75.4500000000000	-75.6100000000000
75.2500000000000	-75.4600000000000
75.0000000000000	-75.2400000000000
74.6500000000000	-74.8900000000000
74.5000000000000	-74.7100000000000
74.4000000000000	-74.5600000000000
74.0900000000000	-74.3400000000000
74.0400000000000	-74.2000000000000
73.7800000000000	-73.9900000000000
73.5700000000000	-73.8100000000000
73.5700000000000	-73.6600000000000
73.2000000000000	-73.4400000000000
73.0900000000000	-73.3000000000000
72.9300000000000	-73.0900000000000
72.6600000000000	-72.9100000000000
72.6500000000000	-72.8100000000000
72.3300000000000	-72.5400000000000
72.1600000000000	-72.4000000000000
72.1000000000000	-72.1900000000000
71.7700000000000	-72.0100000000000
71.7000000000000	-71.9100000000000
71.4800000000000	-71.6400000000000
71.2500000000000	-71.5000000000000
70.9000000000000	-71.1100000000000
70.7700000000000	-71.0100000000000
70.6500000000000	-70.7400000000000
70.3600000000000	-70.6000000000000
70.3300000000000	-70.5400000000000
70.0500000000000	-70.2100000000000
69.8600000000000	-70.1100000000000
69.8400000000000	-69.8400000000000
69.4900000000000	-69.7000000000000
69.4000000000000	-69.6400000000000
69.2200000000000	-69.3100000000000
68.9700000000000	-69.2100000000000
68.9700000000000	-68.8600000000000
68.6400000000000	-68.8000000000000
68.6000000000000	-68.7600000000000
68.4900000000000	-68.7400000000000
68.4100000000000	-68.4100000000000
68.2600000000000	-68.3500000000000
68.1000000000000	-68.3100000000000
68.0500000000000	-68.2900000000000
67.9600000000000	-67.9600000000000
67.8100000000000	-67.9000000000000
67.6500000000000	-67.8600000000000
67.6000000000000	-67.8400000000000
67.2900000000000	-67.4500000000000
67.2500000000000	-67.4100000000000
67.1400000000000	-67.3900000000000
66.9700000000000	-67.0600000000000
66.7200000000000	-66.9600000000000
66.6900000000000	-66.6900000000000
66.3400000000000	-66.5500000000000
66.2500000000000	-66.4900000000000
66.0000000000000	-66.1600000000000
65.8100000000000	-66.0600000000000
65.7000000000000	-65.7900000000000
65.4100000000000	-65.6500000000000
65.3800000000000	-65.5900000000000
65.0500000000000	-65.2600000000000
64.9200000000000	-65.1600000000000
64.7300000000000	-64.8900000000000
64.5000000000000	-64.7500000000000
64.4500000000000	-64.5400000000000
64.1200000000000	-64.3600000000000
64.0500000000000	-64.2600000000000
63.7800000000000	-63.9900000000000
63.6100000000000	-63.8500000000000
63.4800000000000	-63.6400000000000
63.2100000000000	-63.4600000000000
63.2000000000000	-63.3600000000000
62.8500000000000	-63.0900000000000
62.7400000000000	-62.9500000000000
62.5300000000000	-62.7400000000000
62.3200000000000	-62.5600000000000
62.2500000000000	-62.4100000000000
61.9400000000000	-62.1900000000000
61.8900000000000	-62.0500000000000
61.6000000000000	-61.8400000000000
61.4500000000000	-61.6600000000000
61.3000000000000	-61.5100000000000
61.0500000000000	-61.2900000000000
61.0400000000000	-61.2000000000000
60.6900000000000	-60.9400000000000
60.6000000000000	-60.7600000000000
60.3700000000000	-60.6100000000000
60.1800000000000	-60.3900000000000
60.0900000000000	-60.3000000000000
59.8000000000000	-60.0400000000000
59.7700000000000	-59.8600000000000
59.6500000000000	-59.7400000000000
59.4600000000000	-59.7100000000000
59.3300000000000	-59.4900000000000
59.1600000000000	-59.4000000000000
58.9300000000000	-59.1400000000000
58.9000000000000	-59.1100000000000
58.6800000000000	-58.8400000000000
58.5700000000000	-58.8100000000000
58.5000000000000	-58.5900000000000
58.5000000000000	-58.5900000000000
58.2500000000000	-58.5000000000000
58.0800000000000	-58.2400000000000
57.9700000000000	-58.2100000000000
57.7300000000000	-57.9400000000000
57.7000000000000	-57.9100000000000
57.5300000000000	-57.6900000000000
57.3600000000000	-57.6000000000000
57.2500000000000	-57.3400000000000
57.0600000000000	-57.3100000000000
56.8000000000000	-57.0400000000000
56.5800000000000	-56.7900000000000
56.4900000000000	-56.7000000000000
56.4000000000000	-56.5600000000000
56.1700000000000	-56.4100000000000
56.1600000000000	-56.1600000000000
55.8900000000000	-56.1400000000000
55.6500000000000	-55.8900000000000
55.6400000000000	-55.8000000000000
55.4500000000000	-55.6600000000000
55.3000000000000	-55.5100000000000
55.2900000000000	-55.4500000000000
55.1700000000000	-55.2600000000000
55.0000000000000	-55.2400000000000
54.7400000000000	-54.9900000000000
54.5200000000000	-54.7600000000000
54.4500000000000	-54.6100000000000
54.3400000000000	-54.5500000000000
54.2000000000000	-54.3600000000000
54.1300000000000	-54.3400000000000
54.1000000000000	-54.1900000000000
53.8500000000000	-54.0900000000000
53.6100000000000	-53.8600000000000
53.4100000000000	-53.6500000000000
53.2500000000000	-53.4600000000000
53.1300000000000	-53.2900000000000
52.9800000000000	-53.1900000000000
52.7200000000000	-52.9600000000000
52.5000000000000	-52.7500000000000
52.3200000000000	-52.5600000000000
52.1800000000000	-52.3900000000000
52.1300000000000	-52.2900000000000
52.0800000000000	-52.2400000000000
52.0200000000000	-52.1100000000000
51.8500000000000	-52.0600000000000
51.6100000000000	-51.8500000000000
51.4100000000000	-51.6600000000000
51.2500000000000	-51.4900000000000
51.1300000000000	-51.3400000000000
51.0500000000000	-51.2100000000000
51.0000000000000	-51.1600000000000
50.7400000000000	-50.9500000000000
50.5200000000000	-50.7600000000000
50.3400000000000	-50.5900000000000
50.2000000000000	-50.4400000000000
50.1000000000000	-50.3100000000000
50.0400000000000	-50.2000000000000
50.0200000000000	-50.1100000000000
49.8900000000000	-50.0500000000000
49.6500000000000	-49.8600000000000
49.4500000000000	-49.6900000000000
49.2900000000000	-49.5400000000000
49.1700000000000	-49.4100000000000
49.0900000000000	-49.3000000000000
49.0500000000000	-49.2100000000000
49.0500000000000	-49.1400000000000
48.8000000000000	-48.9600000000000
48.5800000000000	-48.7900000000000
48.4000000000000	-48.6400000000000
48.2600000000000	-48.5100000000000
48.1600000000000	-48.4000000000000
48.1000000000000	-48.3100000000000
48.0800000000000	-48.2400000000000
47.9700000000000	-48.0600000000000
47.7300000000000	-47.8900000000000
47.5300000000000	-47.7400000000000
47.3700000000000	-47.6100000000000
47.2500000000000	-47.5000000000000
47.1700000000000	-47.4100000000000
47.1300000000000	-47.3400000000000
46.9000000000000	-46.9900000000000
46.6800000000000	-46.8400000000000
46.5000000000000	-46.7100000000000
46.3600000000000	-46.6000000000000
46.2600000000000	-46.5100000000000
46.2000000000000	-46.4400000000000
46.1800000000000	-46.3900000000000
46.0900000000000	-46.0900000000000
45.8500000000000	-45.9400000000000
45.6500000000000	-45.8100000000000
45.4900000000000	-45.7000000000000
45.3700000000000	-45.6100000000000
45.2900000000000	-45.5400000000000
45.2500000000000	-45.4900000000000
45.0400000000000	-45.0400000000000
44.8200000000000	-44.9100000000000
44.6400000000000	-44.8000000000000
44.5000000000000	-44.7100000000000
44.4000000000000	-44.6400000000000
44.3400000000000	-44.5900000000000
44.3200000000000	-44.5600000000000
44.2500000000000	-44.1400000000000
44.0100000000000	-44.0100000000000
43.8100000000000	-43.9000000000000
43.6500000000000	-43.8100000000000
43.5300000000000	-43.7400000000000
43.4500000000000	-43.6900000000000
43.4100000000000	-43.6600000000000
43.4100000000000	-43.6500000000000
43.2200000000000	-43.1100000000000
43.2200000000000	-43.1100000000000
43	-43
42.8200000000000	-42.9100000000000
42.8200000000000	-42.9100000000000
42.6800000000000	-42.8400000000000
42.6800000000000	-42.8400000000000
42.5800000000000	-42.7900000000000
42.5800000000000	-42.7900000000000
42.5200000000000	-42.7600000000000
42.5200000000000	-42.7600000000000
42.5000000000000	-42.7500000000000
42.4500000000000	-42.3400000000000
42.2100000000000	-42.2100000000000
42.0100000000000	-42.1000000000000
41.8500000000000	-42.0100000000000
41.7300000000000	-41.9400000000000
41.7300000000000	-41.8900000000000
41.6500000000000	-41.8900000000000
41.6100000000000	-41.8600000000000
41.6100000000000	-41.8500000000000
41.4400000000000	-41.4400000000000
41.2200000000000	-41.3100000000000
41.0400000000000	-41.2000000000000
40.9000000000000	-41.1100000000000
40.8000000000000	-41.0400000000000
40.7400000000000	-40.9900000000000
40.7200000000000	-40.9600000000000
40.6900000000000	-40.6900000000000
40.4500000000000	-40.5400000000000
40.2500000000000	-40.4100000000000
40.0900000000000	-40.3000000000000
39.9700000000000	-40.2100000000000
39.8900000000000	-40.1400000000000
39.8500000000000	-40.0900000000000
39.7000000000000	-39.7900000000000
39.4800000000000	-39.6400000000000
39.3000000000000	-39.5100000000000
39.1600000000000	-39.4000000000000
39.0600000000000	-39.3100000000000
39.0000000000000	-39.2400000000000
38.9800000000000	-39.1900000000000
38.9700000000000	-39.0600000000000
38.7300000000000	-38.8900000000000
38.5300000000000	-38.7400000000000
38.3700000000000	-38.6100000000000
38.2500000000000	-38.5000000000000
38.1700000000000	-38.4100000000000
38.1300000000000	-38.3400000000000
38.1300000000000	-38.2900000000000
38	-38.1600000000000
37.7800000000000	-37.9900000000000
37.6000000000000	-37.8400000000000
37.4600000000000	-37.7100000000000
37.3600000000000	-37.6000000000000
37.3000000000000	-37.5100000000000
37.2900000000000	-37.4500000000000
37.2800000000000	-37.4400000000000
37.0500000000000	-37.2600000000000
36.8500000000000	-37.0900000000000
36.6900000000000	-36.9400000000000
36.5700000000000	-36.8100000000000
36.4900000000000	-36.7000000000000
36.4500000000000	-36.6100000000000
36.3400000000000	-36.5500000000000
36.1200000000000	-36.3600000000000
35.9400000000000	-36.1900000000000
35.9300000000000	-36.0900000000000
35.8000000000000	-36.0400000000000
35.7000000000000	-35.9100000000000
35.6500000000000	-35.8600000000000
35.6400000000000	-35.8000000000000
35.6200000000000	-35.7100000000000
35.6200000000000	-35.7100000000000
35.4100000000000	-35.6500000000000
35.2100000000000	-35.4600000000000
35.0500000000000	-35.2900000000000
34.9800000000000	-35.1900000000000
34.9300000000000	-35.1400000000000
34.8500000000000	-35.0100000000000
34.7200000000000	-34.9600000000000
34.6500000000000	-34.8100000000000
34.5000000000000	-34.7500000000000
34.3200000000000	-34.5600000000000
34.1800000000000	-34.3900000000000
34.0500000000000	-34.2900000000000
34.0400000000000	-34.2000000000000
34.0200000000000	-34.1100000000000
33.8100000000000	-34.0600000000000
33.7000000000000	-33.9100000000000
33.6100000000000	-33.8500000000000
33.4500000000000	-33.6600000000000
33.4000000000000	-33.6400000000000
33.3300000000000	-33.4900000000000
33.1400000000000	-33.3900000000000
33.0900000000000	-33.3000000000000
32.9200000000000	-33.1600000000000
32.8800000000000	-33.0400000000000
32.7700000000000	-33.0100000000000
32.7400000000000	-32.9500000000000
32.6000000000000	-32.7600000000000
32.4900000000000	-32.7400000000000
32.3300000000000	-32.4900000000000
32.2500000000000	-32.4900000000000
32.1600000000000	-32.4000000000000
32.0500000000000	-32.2600000000000
31.9300000000000	-32.1400000000000
31.8600000000000	-32.1100000000000
31.8000000000000	-31.9600000000000
31.7700000000000	-31.8600000000000
31.7700000000000	-31.8600000000000
31.6000000000000	-31.8400000000000
31.5700000000000	-31.8100000000000
31.3800000000000	-31.5900000000000
31.3800000000000	-31.5900000000000
31.2500000000000	-31.5000000000000
31.2000000000000	-31.3600000000000
31.0000000000000	-31.2400000000000
30.9700000000000	-31.2100000000000
30.8500000000000	-31.0600000000000
30.8000000000000	-30.9600000000000
30.7300000000000	-30.9400000000000
30.6600000000000	-30.9100000000000
30.5300000000000	-30.6900000000000
30.4500000000000	-30.6900000000000
30.3600000000000	-30.6000000000000
30.3400000000000	-30.5500000000000
30.3300000000000	-30.4900000000000
30.0900000000000	-30.3400000000000
29.9200000000000	-30.1600000000000
29.8500000000000	-30.0600000000000
29.7700000000000	-30.0100000000000
29.5400000000000	-29.7900000000000
29.4900000000000	-29.7000000000000
29.4100000000000	-29.6500000000000
29.3800000000000	-29.5900000000000
29.2000000000000	-29.4400000000000
29.0100000000000	-29.2600000000000
28.9200000000000	-29.1600000000000
28.9000000000000	-29.1100000000000
28.9000000000000	-28.9900000000000
28.8900000000000	-28.8900000000000
28.6500000000000	-28.8900000000000
28.6400000000000	-28.8000000000000
28.5000000000000	-28.7500000000000
28.5000000000000	-28.7100000000000
28.4500000000000	-28.6900000000000
28.3300000000000	-28.5400000000000
28.2800000000000	-28.4400000000000
28.1200000000000	-28.3600000000000
28.0900000000000	-28.3000000000000
28.0100000000000	-28.2600000000000
28.0000000000000	-28.2400000000000
27.9300000000000	-28.0900000000000
27.7800000000000	-27.9900000000000
27.7000000000000	-27.9100000000000
27.6100000000000	-27.8500000000000
27.5700000000000	-27.8100000000000
27.5400000000000	-27.7900000000000
27.4800000000000	-27.6400000000000
27.3300000000000	-27.5400000000000
27.2500000000000	-27.4600000000000
27.1600000000000	-27.4000000000000
27.1200000000000	-27.3600000000000
27.0900000000000	-27.3400000000000
26.9800000000000	-27.1900000000000
26.9300000000000	-27.0900000000000
26.7700000000000	-27.0100000000000
26.7400000000000	-26.9500000000000
26.6600000000000	-26.9100000000000
26.6500000000000	-26.8900000000000
26.6500000000000	-26.8600000000000
26.6500000000000	-26.7400000000000
26.4000000000000	-26.6400000000000
26.3400000000000	-26.5500000000000
26.2500000000000	-26.5000000000000
26.2500000000000	-26.4600000000000
26.2000000000000	-26.4400000000000
26.0500000000000	-26.2900000000000
25.8600000000000	-26.1100000000000
25.7700000000000	-26.0100000000000
25.7200000000000	-25.9600000000000
25.4900000000000	-25.7400000000000
25.4100000000000	-25.6500000000000
25.3600000000000	-25.6000000000000
25.3300000000000	-25.5400000000000
25.1400000000000	-25.3900000000000
24.9700000000000	-25.2100000000000
24.9000000000000	-25.1100000000000
24.8100000000000	-25.0600000000000
24.6000000000000	-24.8400000000000
24.5000000000000	-24.7500000000000
24.4900000000000	-24.7000000000000
24.4800000000000	-24.6400000000000
24.2500000000000	-24.4900000000000
24.1000000000000	-24.3100000000000
24.0500000000000	-24.2100000000000
23.9200000000000	-24.1600000000000
23.7300000000000	-23.9400000000000
23.6400000000000	-23.8000000000000
23.3800000000000	-23.5900000000000
23.2500000000000	-23.4100000000000
23.2200000000000	-23.3100000000000
23.0500000000000	-23.2600000000000
22.8800000000000	-23.0400000000000
22.8100000000000	-22.9000000000000
22.5300000000000	-22.6900000000000
22.4200000000000	-22.5100000000000
22.4100000000000	-22.4100000000000
22.0500000000000	-22.1400000000000
22	-22
21.7000000000000	-21.7900000000000
21.6100000000000	-21.6100000000000
21.2400000000000	-21.2400000000000
21.2100000000000	-21.1000000000000
20.8900000000000	-20.8900000000000
20.8200000000000	-20.7100000000000
20.4500000000000	-20.3400000000000
20.4400000000000	-20.2000000000000
20.0500000000000	-19.8100000000000
19.6800000000000	-19.4400000000000
19.3000000000000	-18.9100000000000
18.9300000000000	-18.5400000000000
18.5700000000000	-18.0100000000000
18.2000000000000	-17.6400000000000
17.8600000000000	-17.1100000000000
17.5600000000000	-16.6000000000000
17.1700000000000	-16.2100000000000
16.8900000000000	-15.7000000000000
16.6500000000000	-15.2100000000000
16.2400000000000	-14.8000000000000
16.0200000000000	-14.3100000000000
15.6100000000000	-13.9000000000000
15.4100000000000	-13.4100000000000
15	-13
14.8200000000000	-12.5100000000000
14.6800000000000	-12.0400000000000
14.2500000000000	-11.6100000000000
14.1300000000000	-11.1400000000000
14.0500000000000	-10.6900000000000
14.0100000000000	-10.2600000000000
13.6000000000000	-10.2400000000000
13.5400000000000	-9.79000000000000
13.5200000000000	-9.35999999999998
13.0900000000000	-9.34000000000000
13.0500000000000	-8.88999999999999
13.0500000000000	-8.45999999999997
12.5800000000000	-7.98999999999998
12.1300000000000	-7.09000000000000
11.7000000000000	-6.18999999999998
11.3700000000000	-4.86000000000001
11.1400000000000	-3.55000000000003
10.8100000000000	-2.65000000000001
10.5000000000000	-1.75000000000000
10.4500000000000	-0.459999999999996
10.2900000000000	1.71000000000000
10.1000000000000	2.60999999999998